53 673 660 542 510 790 261 28 2 638 806 206 915 341 178 221 693 919 952 284 788 928 872 455 5 820 962 764 409 264 795 46 591 576 929 199 769 130 378 14 10 339 296 202 238 330 535 854 187 954 522 645 271 51 131 247 970 362 402 653 125 319 367 177 779 112 547 458 599 253 516 527 894 580 504 121 406 934 269 846 223 273 197 276 569 159 583 146 551 783 324 501 827 203 464 858 729 370 674 102 
376 526 69 886 422 712 871 676 243 730 378 160 954 918 586 704 987 694 798 640 173 699 306 381 186 178 876 598 98 804 437 940 405 997 243 284 675 151 37 67 110 975 751 626 539 224 566 17 293 311 926 160 338 327 586 924 106 262 819 551 621 935 702 268 380 697 439 553 44 681 914 285 454 908 91 484 754 663 524 793 181 418 312 707 96 481 213 715 420 685 791 277 810 116 835 709 464 108 873 468 
465 150 382 579 187 984 528 79 920 467 811 862 741 335 347 761 39 43 203 898 118 593 246 207 26 529 173 840 974 693 648 142 722 702 824 988 918 109 4 699 595 772 514 384 292 134 545 673 69 259 540 176 659 649 690 718 868 728 860 100 696 596 454 398 840 153 129 809 414 634 656 39 725 778 762 8 315 799 72 899 404 907 248 205 888 429 281 289 552 559 935 882 805 177 169 165 458 79 921 362 
139 895 132 899 30 749 347 638 680 834 449 608 35 434 782 203 583 261 763 577 71 240 15 137 406 781 954 778 457 192 560 526 718 676 40 25 541 85 637 505 494 655 548 840 35 279 175 943 751 384 538 878 960 50 917 74 833 198 625 982 331 500 142 901 469 976 571 262 298 483 432 330 786 430 129 274 555 788 356 388 25 560 589 895 835 101 959 156 280 669 886 929 354 148 498 648 107 14 271 637 
957 701 803 88 214 239 536 231 987 368 826 360 500 461 787 437 89 873 430 176 939 650 24 642 342 806 501 183 341 451 802 812 951 404 791 316 665 147 536 742 340 259 524 403 664 741 125 23 961 142 657 646 856 350 216 553 958 516 223 945 509 936 717 859 791 553 476 573 955 968 946 408 628 765 657 86 469 273 179 46 467 52 170 637 81 119 990 735 338 148 472 167 642 797 920 259 997 939 602 140 
61 664 6 4 950 94 168 305 796 377 181 537 167 579 767 478 54 295 762 436 770 408 560 336 700 346 434 596 170 185 489 392 886 945 540 483 711 214 506 139 452 821 714 937 934 995 217 752 909 732 764 543 550 366 71 965 572 344 173 629 221 517 656 194 30 973 28 669 97 229 87 765 637 126 716 557 719 476 792 604 176 896 188 817 751 624 20 358 73 765 863 295 374 758 593 666 22 355 997 25 
371 540 831 614 784 722 777 654 250 958 500 434 383 538 737 194 61 149 232 538 483 35 657 633 630 795 594 719 549 450 168 192 573 681 161 143 484 795 74 356 336 50 852 664 144 858 540 481 174 741 731 393 939 328 291 92 67 350 388 58 995 532 845 449 360 717 471 295 257 975 134 198 792 350 97 745 613 735 613 430 100 800 277 997 576 502 853 296 544 742 206 874 672 856 916 949 627 617 655 575 
552 344 911 589 283 131 219 379 261 267 556 898 694 790 901 979 922 91 622 740 994 355 322 920 53 662 461 787 582 107 114 511 976 197 939 880 783 426 938 831 329 69 321 917 53 775 373 766 970 921 392 328 667 709 670 436 609 102 608 396 282 821 216 654 601 813 108 528 278 170 14 620 448 901 747 622 119 651 427 36 335 191 145 837 586 852 995 685 133 80 140 688 790 686 600 44 196 386 424 932 
599 594 871 523 178 739 795 630 615 378 72 725 865 389 218 755 855 968 9 259 184 180 194 142 250 461 876 50 384 627 320 829 355 764 972 339 7 79 313 356 106 820 516 330 569 915 66 137 355 770 160 703 482 970 794 950 351 276 154 760 789 928 507 667 233 111 286 197 352 794 965 465 170 65 775 834 381 385 731 520 45 336 400 889 371 235 780 178 92 554 283 590 427 361 891 997 697 363 749 177 
92 42 71 421 694 410 64 783 168 399 139 7 198 115 648 408 964 437 183 759 785 855 615 674 243 286 190 548 292 615 801 686 499 128 302 167 646 909 336 438 719 5 875 415 92 852 865 949 996 257 85 576 286 35 701 943 412 207 781 687 873 29 850 620 774 877 452 751 307 452 47 162 524 931 571 432 393 353 443 384 899 896 220 611 996 550 903 883 967 845 856 423 304 132 575 900 580 791 431 631 
196 61 389 264 230 425 515 385 469 332 814 448 266 160 445 560 626 920 779 703 170 438 799 171 297 748 393 6 973 592 272 668 217 826 826 619 181 415 883 778 838 27 378 597 384 683 200 456 969 33 626 402 447 371 273 756 109 70 457 137 706 214 358 369 283 130 254 121 882 278 898 221 494 48 38 312 237 703 812 275 824 609 780 772 150 13 904 105 539 352 652 822 226 43 195 643 617 492 376 690 
300 372 746 31 45 66 436 97 202 982 499 328 839 200 9 95 558 714 594 859 700 683 373 309 373 678 941 509 755 34 865 503 27 739 121 867 641 585 714 15 118 495 59 640 206 423 353 977 647 739 672 762 782 519 979 173 452 934 805 693 777 635 593 296 888 937 448 327 444 244 217 619 753 898 413 874 126 492 355 978 553 105 49 965 219 613 869 478 694 77 419 795 76 79 8 756 634 440 430 115 
229 213 96 716 267 830 369 799 182 224 528 755 108 43 295 261 59 83 412 313 723 122 767 825 124 982 221 436 641 167 429 880 549 259 705 211 53 613 87 894 966 268 120 915 73 696 792 385 892 883 176 558 396 997 953 892 631 488 618 839 286 557 155 142 498 518 130 191 127 318 846 976 615 334 187 163 600 730 350 178 320 27 305 580 191 614 664 54 927 645 85 798 568 964 209 596 487 655 732 73 
967 697 48 36 112 504 681 155 839 720 359 119 327 901 838 844 590 333 13 7 115 797 247 864 719 955 543 274 1 236 71 65 751 487 211 244 449 153 361 642 800 994 564 865 135 416 161 229 929 498 929 855 379 656 696 382 827 314 229 922 74 126 515 326 46 102 976 869 931 793 956 329 490 792 596 712 282 155 320 248 7 134 225 572 912 463 63 256 749 577 458 921 745 253 864 345 884 711 566 593 
477 463 930 247 542 874 977 363 151 464 636 365 320 247 840 545 753 128 182 877 964 424 776 762 670 682 421 633 922 162 863 272 479 341 787 685 283 912 809 395 135 822 165 835 524 62 829 564 486 556 387 662 649 519 613 875 282 539 763 191 815 520 97 633 409 666 695 187 737 330 549 327 705 5 466 938 204 484 367 62 472 556 519 50 371 278 522 332 324 786 435 578 611 63 390 45 588 278 629 88 
88 464 845 16 877 157 837 515 871 167 215 878 686 998 386 506 466 261 639 846 84 213 946 611 287 521 676 820 575 313 535 748 217 634 625 261 211 718 540 358 733 681 789 725 576 356 68 285 358 549 755 769 163 214 619 130 514 372 315 373 547 43 91 553 163 913 240 503 348 32 880 586 159 344 625 258 743 629 612 900 936 132 248 860 240 11 205 230 356 10 253 528 918 805 714 140 430 515 396 821 
471 972 361 576 212 926 74 238 490 488 572 886 783 755 148 56 3 662 727 335 110 809 321 519 723 765 91 176 147 410 147 704 77 8 759 728 116 410 913 600 505 367 2 573 411 843 304 628 453 54 946 591 231 595 166 983 767 924 648 650 673 244 670 280 436 445 49 697 560 227 271 921 485 601 159 774 725 802 988 793 205 675 358 931 335 175 397 667 404 882 7 741 760 419 796 84 902 956 17 467 
622 27 858 417 205 286 339 99 860 490 288 174 579 77 195 318 503 805 902 256 297 72 834 487 625 781 175 293 139 739 877 743 313 673 42 711 985 190 37 948 576 210 947 500 47 412 960 733 206 189 225 81 190 524 759 112 643 92 341 490 353 900 118 253 638 477 313 67 689 841 559 208 866 17 63 675 322 664 126 419 612 15 29 108 604 800 918 937 886 399 720 132 530 301 731 516 927 503 741 927 
30 903 103 560 113 649 82 778 195 185 670 174 817 419 331 945 370 131 953 538 819 662 550 618 270 712 142 845 275 191 288 832 959 336 214 476 165 57 109 226 771 855 534 54 382 985 268 377 632 276 702 978 369 825 496 685 411 964 581 807 171 805 264 273 45 468 100 683 494 641 63 610 928 922 934 373 490 49 861 292 310 829 279 882 624 511 805 549 643 952 250 459 797 218 870 840 94 692 240 397 
341 17 522 467 628 467 56 464 790 859 721 521 173 749 298 129 136 330 847 993 965 174 83 185 731 820 193 301 300 766 852 931 265 553 412 132 375 400 354 994 88 416 343 537 533 828 344 392 82 106 876 746 618 493 520 856 781 452 603 833 327 515 422 549 363 529 783 958 752 2 254 808 890 398 342 683 708 922 504 599 637 109 965 175 225 533 507 904 914 403 194 716 221 828 639 610 586 209 569 97 
583 82 914 621 628 471 687 712 404 719 604 469 834 596 378 57 418 590 418 483 490 943 343 941 272 959 463 659 582 306 522 644 76 582 767 863 660 745 234 784 796 43 202 210 935 735 195 39 909 488 439 302 869 794 82 605 616 998 54 103 463 746 820 335 679 512 212 222 276 782 423 234 677 478 363 591 598 446 615 178 419 651 488 100 36 122 331 443 395 864 379 71 966 906 453 548 457 943 387 483 
924 892 350 966 381 280 655 868 711 866 960 705 283 103 918 634 669 81 825 136 371 308 608 715 58 683 71 600 714 82 466 382 514 301 694 133 22 465 614 624 784 809 436 957 614 701 656 923 379 269 190 467 312 916 643 978 867 579 440 150 600 435 290 446 120 984 793 455 792 186 279 164 27 77 604 446 66 363 832 5 467 504 936 397 296 871 893 828 682 156 145 28 813 873 275 764 509 596 797 595 
425 889 428 352 112 916 375 91 609 378 540 712 399 49 928 758 717 421 502 259 254 652 193 706 592 564 501 911 842 779 283 90 972 159 571 771 333 792 551 685 291 99 149 901 566 152 382 325 46 182 653 748 727 989 946 833 258 44 623 488 510 388 874 883 22 109 493 101 220 152 818 427 934 708 531 916 57 509 401 211 764 834 195 106 710 70 114 929 906 681 195 119 297 191 388 327 248 218 946 511 
693 587 914 926 908 991 294 428 655 32 443 239 429 889 249 859 970 782 530 153 712 675 343 987 683 708 455 182 331 565 185 425 134 979 765 661 661 563 246 62 0 81 618 338 148 227 973 863 971 695 146 841 628 522 628 228 309 443 596 311 799 296 668 58 553 119 884 57 951 639 234 305 268 232 87 843 334 488 192 463 569 592 34 971 687 391 418 75 278 45 683 755 722 154 425 651 189 551 366 410 
316 733 843 830 956 277 202 499 717 753 537 27 621 241 153 156 464 208 744 248 87 680 244 729 718 178 385 235 211 731 269 887 603 492 625 405 327 993 363 689 568 860 842 946 70 322 49 655 79 38 448 490 694 197 855 554 714 546 52 563 409 99 391 833 741 860 636 517 270 298 393 206 471 18 441 404 629 35 384 898 501 474 568 570 453 429 283 957 183 265 130 715 346 311 261 767 433 381 204 214 
135 401 701 482 787 500 407 843 865 492 943 189 937 10 417 279 948 886 881 75 676 639 290 258 435 240 223 314 463 199 88 802 436 655 815 356 491 944 852 492 346 790 166 9 443 440 507 202 618 65 585 451 289 572 13 320 790 204 973 505 623 522 857 838 613 698 151 541 799 288 552 74 496 7 308 710 620 386 389 411 670 911 755 270 894 104 980 750 986 972 862 549 322 158 511 445 800 548 477 692 
776 603 322 99 740 368 515 51 147 74 353 537 171 351 103 588 212 804 604 492 991 65 596 757 975 747 90 765 63 740 681 570 261 488 715 639 125 618 49 433 944 559 885 701 646 992 156 404 970 838 808 673 470 681 461 850 79 761 602 662 625 489 2 111 174 681 788 487 163 715 759 431 316 496 514 350 785 660 403 823 281 207 247 286 246 237 938 260 672 505 559 97 407 997 801 890 211 213 795 227 
527 765 685 494 38 607 968 116 740 930 380 892 959 280 848 506 607 598 786 218 340 649 672 981 256 911 862 355 149 484 32 234 816 158 915 477 270 211 783 265 821 290 743 764 438 951 508 374 2 611 959 669 747 627 230 556 948 327 249 667 307 726 533 605 94 968 656 645 180 692 390 475 502 444 36 766 694 21 91 650 38 339 455 196 99 309 417 315 188 93 450 322 318 235 760 531 818 946 542 366 
249 802 799 290 718 848 923 635 13 587 501 349 555 528 468 24 918 329 993 780 606 737 304 991 357 907 523 925 139 364 19 719 268 125 984 743 566 102 187 211 461 808 610 816 786 905 4 784 500 685 149 727 765 235 772 755 912 470 524 258 137 637 656 889 342 542 890 354 68 94 197 277 950 747 25 882 121 414 960 981 219 443 119 724 686 547 166 565 15 252 507 723 52 471 676 235 350 67 965 970 
178 856 977 257 398 998 859 172 187 679 815 295 765 266 565 129 251 849 918 550 11 646 722 608 589 713 121 222 484 13 928 696 544 172 135 449 575 984 192 797 997 76 707 277 833 650 728 25 339 998 116 710 555 642 616 920 379 963 917 793 784 60 701 891 509 507 166 554 256 265 912 430 265 893 890 424 504 691 744 818 222 600 431 452 615 65 676 692 679 269 882 693 531 721 474 940 273 843 456 223 
834 465 803 998 630 170 205 103 329 549 324 405 869 944 121 592 936 340 591 515 512 360 182 146 620 570 408 554 36 541 203 670 172 504 993 222 660 163 612 555 476 752 614 473 943 303 632 587 573 185 553 470 990 250 337 711 187 17 167 630 927 482 496 823 286 438 505 78 84 808 495 195 121 356 28 966 732 627 997 301 662 458 26 428 225 564 989 892 753 605 686 927 697 760 79 483 664 155 172 565 
93 258 285 848 289 321 487 622 989 854 63 237 116 310 673 286 490 750 432 835 309 405 335 158 98 385 743 626 643 607 794 476 40 879 304 209 779 903 879 431 929 135 640 540 158 260 663 196 216 865 780 553 463 859 752 595 739 348 706 563 334 346 907 90 203 257 990 919 704 190 828 945 392 69 582 530 92 126 437 101 763 483 799 241 831 470 82 765 226 392 766 318 465 989 318 480 560 958 440 186 
719 871 229 437 915 706 634 630 231 859 400 969 724 630 842 728 646 878 973 989 562 407 612 557 237 518 805 509 247 696 29 465 328 232 179 507 729 845 428 440 966 475 931 25 314 545 916 489 611 483 505 610 904 800 284 46 697 983 878 298 94 469 95 13 275 626 583 706 994 198 180 737 769 286 677 517 677 915 847 170 815 589 798 461 414 891 710 497 973 30 554 223 95 191 788 565 153 238 7 450 
262 229 226 633 120 508 789 252 190 646 113 523 353 796 707 934 339 216 401 263 434 141 353 219 705 989 382 962 97 83 827 109 550 850 557 951 580 653 156 527 620 857 83 478 401 536 593 444 696 831 527 567 295 858 994 479 773 207 267 451 787 312 621 840 569 653 982 620 252 833 866 894 663 884 173 368 143 377 784 663 356 936 70 810 852 863 239 218 74 173 724 689 751 375 235 598 424 982 966 975 
321 224 279 0 943 510 223 404 148 415 576 288 423 715 207 32 874 363 582 909 616 894 616 204 758 783 718 589 913 629 554 761 745 603 795 677 781 969 656 199 455 114 840 39 161 569 394 680 512 933 720 815 32 364 697 699 424 415 158 45 767 603 453 362 798 112 709 86 424 477 554 548 721 3 114 659 763 112 278 75 694 983 157 993 648 487 837 519 907 985 843 991 639 358 718 569 296 424 895 179 
49 232 811 113 608 976 204 453 580 641 324 712 893 752 60 218 490 453 261 647 913 804 101 707 883 567 988 815 901 580 655 859 991 579 748 430 630 227 655 677 196 437 653 728 659 848 407 363 742 367 313 244 225 480 227 496 10 119 560 171 287 450 334 359 282 150 501 748 75 82 515 914 820 762 967 899 555 639 140 252 283 781 225 573 404 989 719 919 692 348 82 885 438 740 243 934 650 953 861 651 
541 167 568 772 123 562 859 408 986 397 940 268 153 767 580 75 88 140 647 95 602 576 90 847 416 753 432 329 216 285 206 434 942 937 565 348 705 227 40 79 674 459 991 588 88 542 316 597 463 803 516 169 499 802 471 815 831 624 451 848 331 120 566 962 733 447 67 762 327 903 808 377 114 759 445 339 753 304 255 860 257 987 333 772 911 9 699 957 67 555 357 50 971 884 790 578 683 123 530 229 
444 413 113 478 346 530 494 514 739 239 342 760 509 460 844 329 222 399 668 618 354 345 174 520 809 751 382 963 103 916 986 382 440 797 260 589 259 141 529 824 798 745 872 64 571 663 63 520 49 619 627 14 702 626 662 633 212 43 198 508 617 146 435 948 627 79 673 935 516 254 447 774 147 368 263 717 339 794 743 352 167 765 639 536 430 398 853 485 244 830 749 174 162 733 77 680 478 194 896 76 
325 135 880 356 161 171 49 766 790 191 68 553 513 917 730 912 171 189 514 502 594 938 829 633 216 125 919 49 696 832 56 211 743 646 964 121 144 433 888 972 675 20 566 877 486 371 203 352 99 663 150 130 412 566 956 428 805 674 938 856 842 665 706 716 833 717 339 413 96 884 554 430 290 979 661 633 414 335 17 397 705 548 233 305 549 434 163 512 801 28 310 157 475 739 983 376 971 642 844 530 
410 163 944 181 11 435 816 392 249 305 253 538 18 172 275 988 474 942 905 476 83 203 19 263 779 391 373 847 382 247 360 629 709 198 537 137 295 283 0 208 712 921 111 365 152 160 988 467 661 474 528 321 611 744 249 47 170 637 20 424 297 259 967 57 778 597 471 617 838 21 149 465 378 575 374 646 994 270 355 981 973 630 422 454 889 97 687 100 457 477 422 580 260 934 785 252 792 648 0 350 
182 744 703 804 288 340 252 790 744 559 330 98 203 922 173 388 966 240 526 575 143 824 425 194 895 664 366 142 159 159 197 935 417 612 70 889 408 502 767 613 683 220 135 876 301 150 411 579 737 283 158 415 124 340 998 251 835 137 69 912 447 83 326 149 710 617 161 871 636 103 832 338 98 971 195 160 222 490 192 122 338 636 783 53 297 907 997 910 95 641 688 74 385 658 699 639 470 887 929 463 
28 861 711 294 125 902 205 825 3 406 926 985 522 305 801 945 181 83 630 740 396 64 285 859 164 269 283 998 719 78 990 168 102 178 324 752 677 700 367 765 454 507 603 313 816 668 347 338 992 414 993 949 73 358 429 60 905 285 168 153 260 215 0 211 540 972 406 857 745 580 79 132 238 919 873 658 292 860 62 504 643 891 997 616 542 75 655 724 350 56 24 977 970 384 351 375 182 77 119 160 
97 664 782 871 483 452 966 676 103 688 91 205 437 721 212 998 691 832 5 156 245 615 180 982 507 42 170 469 330 76 669 622 581 367 116 182 14 360 539 965 175 490 543 526 910 330 92 758 793 379 253 219 494 443 547 551 838 174 323 557 218 465 689 843 822 705 993 56 46 885 295 232 519 201 573 46 455 357 910 201 127 230 680 802 391 539 927 13 243 666 176 494 237 28 163 294 523 526 61 742 
259 482 364 891 452 357 996 130 231 122 825 734 285 567 302 281 698 814 238 567 547 472 602 393 708 157 194 160 701 510 935 47 494 286 688 694 72 326 435 637 254 929 655 246 940 104 871 55 870 166 754 54 653 838 673 621 414 300 240 192 147 937 272 268 517 187 636 571 786 540 251 981 4 66 494 193 539 383 875 852 756 402 865 721 473 918 500 643 531 49 107 623 733 383 160 956 27 520 624 87 
314 31 4 602 890 733 399 742 842 86 73 353 131 386 852 225 536 622 397 106 163 748 28 252 107 328 727 224 181 533 260 220 689 432 526 430 247 882 242 934 922 420 427 334 3 590 810 94 376 768 714 755 647 189 819 360 998 781 69 976 765 762 967 586 718 437 385 950 339 377 783 680 393 729 935 523 4 774 29 799 844 235 236 53 174 380 880 562 677 116 553 835 26 887 59 977 58 343 420 909 
359 371 366 605 954 652 797 974 463 610 611 917 865 199 555 257 168 10 802 883 728 775 748 218 141 108 198 520 371 279 672 840 426 390 222 900 306 431 487 234 403 754 781 199 377 740 694 415 214 517 226 291 48 28 495 332 212 305 169 823 171 203 917 770 357 484 472 238 3 905 212 637 9 846 883 270 163 698 719 598 591 23 680 89 540 517 367 642 41 806 412 63 746 909 739 281 126 147 588 394 
140 978 379 544 160 670 381 161 552 585 892 599 739 398 348 526 492 712 911 635 52 156 414 128 926 555 386 445 871 325 394 785 358 923 205 338 664 763 394 81 414 441 518 537 27 428 230 953 665 615 710 824 900 649 89 9 393 599 377 895 728 176 834 235 839 538 874 659 721 411 324 109 936 138 101 557 518 879 214 203 434 897 547 513 169 494 699 875 371 96 506 519 687 310 739 743 617 528 538 941 
764 280 529 734 611 917 417 290 204 505 307 139 183 989 711 261 835 884 861 301 322 934 763 228 974 86 62 182 500 893 620 637 616 552 418 316 713 80 441 161 238 201 870 642 145 229 762 652 339 457 311 200 864 601 645 959 436 775 571 63 71 234 514 694 333 93 286 158 361 532 958 618 235 151 151 392 95 712 692 295 816 839 441 963 852 648 919 903 154 403 226 307 530 213 882 150 828 517 87 669 
683 242 417 132 203 219 750 548 585 438 533 822 258 333 690 87 223 997 787 813 135 673 35 241 85 96 589 229 244 354 355 200 656 544 839 200 614 949 387 607 479 471 52 888 425 226 692 708 687 631 255 697 11 273 662 602 25 745 307 20 885 883 212 208 31 840 683 341 333 637 669 240 490 939 754 406 934 24 125 137 807 599 532 50 414 571 890 230 181 858 371 795 983 64 200 324 872 361 140 332 
687 27 21 760 337 338 111 616 633 142 326 327 916 83 330 464 369 687 856 908 697 194 927 921 235 73 448 53 556 706 209 508 165 79 291 654 821 229 635 709 528 284 518 869 432 332 97 252 59 422 816 292 493 112 549 23 960 69 971 843 2 5 555 462 950 201 679 747 516 2 38 205 557 298 743 996 10 658 785 518 669 790 146 215 338 574 622 444 711 894 139 245 442 289 882 273 386 785 969 111 
80 650 71 881 583 784 927 115 458 742 313 621 469 792 341 613 8 835 730 393 663 372 438 988 420 118 398 350 513 136 832 849 481 766 151 769 399 790 888 275 57 326 642 714 733 109 251 598 893 287 425 262 224 541 477 439 257 420 743 589 532 844 598 545 229 4 270 692 723 44 24 164 934 988 700 972 125 635 842 456 395 386 834 538 962 354 984 839 120 955 596 677 106 878 641 424 614 86 852 267 
741 562 623 341 761 670 615 596 539 252 739 814 457 884 982 429 606 51 807 139 418 315 375 327 291 727 762 814 4 866 361 829 29 737 95 78 755 150 555 274 961 518 614 6 871 205 469 705 347 16 377 628 942 924 230 738 608 326 576 218 613 34 461 275 90 711 198 752 211 730 191 21 143 747 330 705 974 765 327 387 537 618 552 1 492 806 50 207 200 58 125 317 363 37 87 525 124 614 814 147 
201 620 629 342 459 161 569 294 109 653 92 525 225 207 2 899 412 49 994 981 979 293 31 895 325 530 912 522 259 716 709 686 878 91 547 532 519 738 897 493 5 715 572 191 850 49 56 298 895 342 424 101 945 310 271 911 580 627 576 467 552 579 468 202 169 479 290 143 787 365 235 968 860 704 774 249 316 926 625 885 140 203 202 167 99 677 477 197 519 647 991 351 986 905 866 935 82 488 473 753 
493 218 623 20 492 901 747 50 456 536 279 685 195 754 465 498 65 105 865 762 78 902 36 191 473 920 497 996 937 886 218 496 959 849 757 596 493 720 507 738 261 558 632 665 117 177 549 743 697 292 307 254 506 72 865 490 853 759 71 441 63 41 379 460 504 330 380 278 765 107 270 250 187 119 262 434 577 258 62 501 477 381 490 960 129 205 596 81 663 773 421 663 635 385 550 830 609 413 894 826 
526 140 828 10 315 333 791 471 719 843 347 237 116 37 992 577 53 645 622 283 599 836 267 998 374 486 57 278 144 834 353 873 536 733 404 1 724 991 500 433 72 918 486 598 486 298 43 440 926 337 767 441 283 195 681 421 310 672 732 267 983 9 94 691 97 93 727 928 118 637 484 616 939 994 61 329 388 957 691 294 475 287 895 923 805 618 86 549 253 176 145 750 622 874 645 495 595 564 29 590 
129 727 33 955 400 951 625 893 781 790 874 291 972 640 373 888 876 553 796 406 859 292 134 470 20 742 349 374 957 786 278 508 622 701 481 563 615 501 234 315 322 486 647 686 769 69 770 520 441 432 241 887 791 381 973 732 529 443 976 287 656 766 178 226 852 215 821 655 825 187 447 107 129 483 649 911 227 612 694 261 834 903 206 832 793 404 972 559 197 26 340 139 243 810 936 847 4 910 397 392 
45 155 562 108 948 902 945 344 785 679 417 804 857 527 363 954 921 919 411 0 537 452 682 706 46 126 498 963 956 568 441 805 68 845 609 879 219 848 183 926 195 668 555 408 702 614 967 605 775 320 76 198 684 199 826 171 473 912 310 959 750 494 536 335 301 831 125 771 844 872 131 548 754 421 387 351 256 461 164 544 500 62 22 715 238 893 483 590 709 41 21 475 122 441 852 61 160 986 614 161 
353 741 908 735 69 537 235 401 871 509 216 940 320 968 968 972 728 445 719 732 17 913 319 710 735 839 747 704 141 550 852 217 506 441 292 426 292 751 617 119 523 948 740 832 1 160 443 115 840 679 484 701 206 296 859 353 413 873 630 928 285 828 582 594 453 403 873 195 119 865 326 625 885 188 8 205 89 893 943 848 729 866 547 8 394 559 570 116 444 176 564 732 943 722 822 740 44 275 436 490 
95 742 122 990 91 83 108 378 743 951 236 362 936 32 868 110 247 828 813 270 276 827 199 61 11 201 786 128 822 920 45 473 771 382 804 615 904 707 15 384 364 22 521 642 703 880 223 799 741 905 754 39 286 889 605 730 698 602 731 254 956 420 187 869 780 81 374 155 313 347 595 127 431 554 40 464 197 866 507 42 394 652 529 512 778 108 672 732 755 323 344 637 613 302 704 888 65 735 566 523 
704 971 294 382 272 899 767 323 51 590 505 983 808 231 476 497 982 211 174 930 14 598 123 822 353 310 786 842 346 72 157 190 924 66 449 102 687 705 415 43 752 172 354 871 358 169 505 57 596 142 240 597 84 258 762 608 896 637 282 915 655 653 355 885 446 498 747 646 93 453 431 937 20 180 308 130 733 593 194 585 939 525 117 413 652 199 463 356 195 689 624 2 105 404 639 360 509 186 766 247 
449 757 769 877 503 863 511 55 932 929 157 960 796 736 711 929 182 452 928 914 593 627 363 103 351 550 995 622 673 194 432 312 491 994 347 222 10 219 925 887 267 968 979 319 878 831 972 873 218 347 61 153 362 523 941 627 825 916 373 472 34 570 27 122 36 445 359 125 812 929 164 201 595 334 747 125 57 82 45 615 81 275 576 505 239 434 380 390 808 156 998 733 777 579 253 365 979 452 731 994 
805 658 733 286 314 715 287 331 437 977 122 160 706 764 384 891 351 94 593 847 587 528 62 254 85 931 862 904 456 657 128 260 118 516 184 533 907 167 925 145 979 220 51 927 502 406 364 23 754 993 380 95 298 350 493 138 303 323 264 939 452 602 717 683 38 833 29 511 627 810 958 102 874 964 567 738 724 626 205 868 737 297 357 173 622 312 490 50 165 363 217 383 262 361 868 976 13 384 292 660 
812 596 722 459 706 343 224 521 708 678 27 419 211 928 795 690 782 397 455 374 641 180 139 20 958 373 987 643 956 928 956 827 573 78 217 263 60 943 460 917 798 419 989 228 784 949 320 733 546 956 826 589 91 812 492 505 925 910 451 747 706 907 55 37 870 406 250 355 839 26 604 670 651 305 221 334 761 712 442 727 763 407 244 359 337 53 165 207 626 75 908 73 727 512 43 185 440 261 367 62 
483 610 567 699 770 321 817 801 605 712 258 272 56 533 621 677 597 374 629 830 301 574 206 964 251 615 961 40 562 228 78 41 57 925 151 29 899 353 914 486 476 199 520 143 665 646 604 327 551 230 14 253 734 406 464 789 367 304 200 81 828 953 632 900 552 885 506 627 631 587 616 501 926 868 795 452 302 962 579 581 37 527 262 764 326 939 772 171 626 883 578 893 911 150 549 806 656 617 442 102 
101 805 763 981 740 631 309 25 528 993 664 733 57 616 974 524 948 373 488 759 741 872 725 700 26 361 84 488 986 465 813 701 525 857 699 855 861 848 404 19 214 851 484 874 842 833 102 869 89 741 941 225 655 471 394 669 165 36 231 625 85 525 668 313 360 726 271 306 394 96 9 541 777 713 399 346 785 729 718 774 780 673 963 800 400 400 225 840 401 614 716 226 193 268 870 234 909 923 528 311 
138 933 476 333 175 353 504 517 901 538 14 88 61 866 121 669 776 523 978 127 117 439 4 18 174 456 173 399 556 562 558 334 589 832 437 547 450 148 169 548 974 475 301 603 356 617 721 111 976 224 765 383 473 151 63 594 893 761 679 920 694 890 649 398 867 785 251 440 650 307 960 855 412 205 244 213 98 284 337 127 351 800 585 107 709 758 133 961 837 837 381 783 25 683 129 783 861 697 791 212 
437 100 718 645 320 374 627 993 494 364 514 276 717 297 255 897 610 332 117 224 727 325 391 377 336 549 525 794 314 222 354 934 253 633 19 615 729 311 122 421 368 114 532 375 51 677 15 65 271 545 264 743 905 9 405 737 952 0 638 759 666 930 585 855 82 144 175 21 600 328 753 850 321 461 942 496 24 418 689 796 101 133 951 133 949 193 6 301 979 308 469 29 54 139 23 94 450 171 233 141 
51 186 663 271 496 92 730 38 236 682 989 146 515 200 664 803 59 862 668 917 368 114 55 749 773 619 555 180 503 81 515 978 204 627 581 621 117 833 686 121 680 76 746 346 545 146 787 416 433 750 677 538 615 656 407 551 583 585 652 48 856 841 539 626 267 77 427 707 184 339 339 891 579 191 377 37 999 507 746 197 129 739 746 60 993 239 36 858 869 236 211 507 742 21 98 670 678 406 937 210 
778 562 649 817 317 69 955 730 230 348 931 89 667 227 403 786 85 767 189 886 13 222 480 309 936 484 719 949 39 776 199 753 522 822 384 326 439 965 133 346 901 867 7 365 29 296 599 357 91 441 83 340 258 406 291 541 758 462 436 864 182 721 956 833 585 39 279 167 951 583 458 212 524 330 606 785 57 9 336 124 916 131 974 716 841 868 364 236 305 251 479 302 25 531 306 354 214 429 40 351 
256 379 825 65 84 831 864 132 823 877 804 312 615 703 318 301 860 368 306 833 287 283 122 480 722 941 463 627 433 808 409 140 215 721 785 744 180 68 653 982 325 94 244 784 716 156 842 336 410 650 78 877 426 750 603 797 888 903 228 69 346 128 99 359 854 729 707 267 956 568 348 937 725 371 552 813 364 321 244 692 212 442 224 87 290 981 899 286 996 353 592 807 602 333 790 319 892 667 847 823 
101 154 526 82 110 332 743 79 478 864 490 426 216 385 712 824 918 134 257 395 517 139 597 74 392 271 201 124 209 856 581 710 614 324 572 68 33 353 419 901 522 280 517 154 0 637 94 623 270 202 895 435 779 861 169 509 221 391 22 136 614 758 172 400 39 333 299 565 668 490 602 471 809 897 229 515 604 503 809 358 10 10 763 438 342 567 358 161 671 131 907 272 378 54 702 236 0 37 566 733 
194 783 365 695 657 643 105 405 762 40 115 378 419 444 86 230 463 753 98 717 104 141 553 175 166 177 905 739 130 660 196 293 872 185 204 578 469 278 523 282 837 518 690 605 784 530 56 889 253 131 909 275 424 59 624 579 568 701 638 69 676 490 748 989 504 166 967 3 186 626 665 319 418 891 567 671 9 586 601 55 825 397 433 568 613 663 752 404 410 492 341 257 127 647 287 52 977 647 853 328 
66 647 916 23 258 861 129 79 239 534 152 857 681 696 196 974 969 792 376 667 372 556 109 47 586 83 613 507 411 996 416 713 908 61 932 615 38 46 418 206 233 125 414 446 791 618 80 277 795 117 601 640 132 423 624 753 165 119 30 169 855 262 630 799 592 261 105 650 366 581 520 140 223 942 524 535 747 973 83 668 12 680 571 82 996 764 452 396 824 369 577 879 748 779 288 98 775 397 562 166 
544 745 949 72 593 939 888 324 371 783 94 212 547 816 166 314 963 771 282 643 764 50 264 196 994 29 838 993 192 526 169 227 270 572 566 66 968 595 186 36 417 290 816 917 408 461 770 679 498 315 386 491 568 979 137 9 426 475 543 45 587 233 292 690 703 309 358 667 283 294 532 688 261 181 379 894 380 151 967 778 688 254 460 191 292 802 213 230 803 796 93 453 321 468 36 667 932 652 660 987 
555 180 76 319 277 359 493 663 861 22 612 3 853 123 15 557 145 233 708 490 277 890 758 826 761 249 8 61 204 745 463 849 343 301 940 226 467 946 759 153 725 970 66 1 937 674 453 581 38 583 181 749 1 332 931 411 123 726 786 33 231 484 809 414 983 1 514 497 294 277 361 700 692 563 657 676 885 412 292 664 499 995 322 993 749 450 124 97 632 813 216 998 117 909 928 785 427 225 622 706 
383 136 371 743 561 665 449 261 728 519 405 846 601 983 393 923 228 252 968 948 823 557 348 701 663 349 636 707 100 747 898 760 821 523 749 203 908 741 777 476 35 860 552 574 190 354 91 574 371 962 217 899 80 838 36 374 596 274 335 332 577 944 172 281 320 886 38 800 85 549 715 64 460 819 612 401 501 748 920 232 740 788 973 526 564 368 568 272 572 677 616 915 138 257 550 454 824 657 903 732 
293 755 301 26 893 461 283 358 699 173 815 441 358 618 229 351 977 691 738 908 176 695 118 888 448 956 102 486 438 716 664 538 43 549 848 689 150 296 451 46 874 701 986 538 409 324 97 227 570 415 608 121 687 750 138 861 946 683 405 74 657 159 689 464 855 493 868 870 437 590 821 9 585 4 143 883 6 226 505 725 204 52 444 471 314 644 324 311 616 140 2 473 746 299 538 95 330 209 681 641 
428 517 217 662 473 586 431 91 724 861 572 515 217 874 548 80 887 231 444 361 755 865 247 196 287 126 586 958 147 923 270 865 955 7 118 365 24 15 570 338 532 211 4 445 328 521 425 554 776 745 385 536 970 761 386 779 402 385 98 454 994 458 196 199 312 434 54 815 200 227 944 290 92 246 87 468 497 465 82 293 668 937 157 7 413 260 244 781 67 501 690 390 407 933 684 786 421 624 511 420 
345 991 745 401 230 380 766 16 301 547 33 490 252 470 886 116 549 929 613 554 952 648 866 983 931 838 995 330 201 384 258 923 810 369 364 615 234 247 105 320 787 133 524 592 607 762 285 79 384 402 485 940 195 148 482 320 958 492 364 793 429 434 487 13 259 330 466 973 550 925 519 325 156 961 540 537 277 908 722 521 777 910 660 568 324 840 281 666 654 279 294 389 112 782 974 249 436 603 147 698 
788 480 778 614 78 365 569 354 967 756 684 706 53 749 369 865 793 11 825 925 501 719 488 126 418 580 382 368 94 818 847 112 787 655 72 180 75 979 835 797 307 66 245 305 926 583 885 508 756 399 864 872 58 92 691 37 676 732 728 978 63 137 902 788 12 946 642 350 978 801 298 410 92 582 363 631 883 373 448 436 292 955 967 996 661 350 847 946 212 822 149 862 258 855 919 792 390 760 384 701 
628 665 653 993 343 264 119 404 188 445 802 375 178 79 821 352 191 438 172 396 444 418 667 909 364 332 547 748 777 491 313 609 480 234 869 904 478 289 945 750 722 192 427 77 581 155 236 477 607 738 850 492 20 536 658 182 615 759 98 304 422 514 799 161 998 4 650 994 608 279 160 672 604 374 770 88 133 783 906 474 182 627 336 129 515 409 84 154 322 162 692 594 571 886 560 317 959 534 900 901 
237 539 670 576 803 48 321 669 858 475 881 160 962 386 287 924 665 483 95 704 342 164 649 317 98 877 973 215 218 290 795 290 870 662 33 511 61 868 766 414 245 31 559 222 309 589 631 820 670 423 125 817 74 453 24 191 803 744 766 92 407 495 782 80 98 150 162 468 972 860 66 171 477 395 996 989 663 646 800 250 123 574 796 652 998 853 683 424 181 655 787 135 238 510 510 215 49 189 89 775 
136 574 916 44 595 496 834 197 238 99 194 437 79 263 316 10 138 716 920 786 192 298 467 398 200 989 363 969 940 249 430 706 463 700 982 160 637 476 831 757 564 22 716 631 218 33 15 867 63 995 768 298 652 42 896 577 860 725 765 796 450 948 224 635 715 989 966 975 805 929 637 918 480 854 240 565 221 646 571 302 652 8 530 11 378 701 512 545 330 806 340 480 723 652 329 650 891 25 237 130 
459 429 482 639 371 867 908 537 390 541 322 572 330 372 16 762 809 309 644 814 267 920 216 598 760 411 23 176 840 223 507 361 421 2 255 753 932 397 833 635 496 141 418 340 599 71 232 114 617 648 204 767 406 820 256 446 560 24 635 581 721 137 384 659 909 118 195 964 403 915 166 898 232 320 436 143 509 154 460 489 99 184 223 965 28 392 597 879 515 203 149 104 702 310 52 505 834 235 128 919 
873 655 493 231 688 933 999 924 652 499 714 727 14 60 391 375 187 54 575 9 945 644 436 625 799 958 358 706 573 256 300 138 668 520 668 722 183 516 925 268 930 356 746 533 818 939 978 838 789 356 798 742 635 27 186 202 805 361 191 559 357 532 544 550 199 943 284 554 430 357 612 703 793 268 814 331 359 167 377 601 282 916 609 235 992 944 741 528 359 96 943 383 418 169 44 723 951 186 205 631 
836 656 45 92 769 146 908 104 414 535 100 321 888 413 90 675 425 507 798 942 110 873 206 523 381 414 408 632 958 650 959 186 737 366 632 475 160 968 758 557 990 819 778 526 913 663 55 268 196 972 173 186 17 469 76 883 797 571 292 894 259 31 418 171 397 117 365 70 352 309 826 489 720 11 165 687 740 9 825 14 803 116 802 644 120 492 920 854 682 552 775 764 510 858 349 329 9 526 356 426 
272 577 849 421 931 783 363 612 994 933 456 170 902 625 740 341 235 383 308 85 676 789 522 443 144 25 97 197 692 657 604 42 393 244 530 897 647 559 365 823 146 210 275 784 76 708 396 245 259 948 78 783 420 698 317 235 672 494 438 567 494 791 694 52 498 686 311 20 52 676 515 941 980 752 44 623 837 718 299 891 863 293 575 181 409 72 832 83 846 287 420 486 160 654 98 232 451 271 902 382 
27 220 277 1 56 999 561 552 393 525 630 296 567 888 574 998 139 757 323 876 803 334 59 330 361 728 408 535 124 271 216 368 611 496 234 209 15 527 363 922 881 915 624 347 900 271 661 515 963 746 701 605 686 321 410 196 161 636 336 17 470 254 973 386 541 720 860 645 272 441 954 342 596 655 168 37 468 809 618 35 232 16 463 671 719 74 963 972 857 289 177 677 752 924 789 99 711 93 441 262 
324 747 110 211 762 728 805 69 426 238 502 583 691 757 993 417 135 712 476 569 136 745 116 619 778 514 623 964 251 565 690 492 977 750 574 722 67 336 360 252 3 357 337 511 242 611 27 524 781 491 982 692 382 43 994 125 901 390 869 693 145 234 135 334 49 587 363 323 592 358 849 570 441 32 651 194 791 968 189 847 281 963 176 764 907 207 696 113 320 449 653 557 839 715 959 965 204 760 694 717 
880 426 872 646 827 494 476 497 329 598 454 883 803 280 332 306 184 709 537 679 476 724 144 548 247 303 700 736 648 303 285 400 868 84 149 745 26 575 43 75 617 324 920 304 828 194 152 789 916 701 412 256 655 78 942 219 136 976 244 336 903 150 896 894 955 396 751 306 981 635 625 377 270 114 265 653 147 753 613 14 200 87 336 987 459 438 454 146 43 997 136 164 33 535 489 740 933 338 175 106 
180 939 462 571 136 919 130 115 865 373 195 269 291 451 214 121 263 334 522 392 591 542 504 493 644 289 990 277 826 870 965 632 655 277 298 920 224 677 898 49 860 302 578 401 909 129 534 850 756 357 256 350 636 235 363 235 658 75 368 791 283 400 553 13 983 810 613 408 469 235 683 688 94 621 714 747 934 369 440 701 937 234 273 899 730 452 315 709 74 623 327 434 415 553 27 248 355 298 622 812 
735 193 643 207 839 8 290 666 711 172 427 683 350 223 389 944 818 249 614 643 669 28 539 79 263 167 58 746 435 30 278 932 46 599 828 351 141 440 499 847 207 216 577 603 620 947 460 413 771 898 869 639 530 218 412 390 793 67 672 555 504 428 806 823 427 950 404 343 362 262 502 161 622 398 392 750 145 862 309 25 926 887 40 238 289 185 161 286 135 222 779 666 385 750 627 102 757 956 659 512 
174 416 960 577 549 599 961 284 408 256 265 988 778 688 743 555 658 289 900 480 113 886 180 408 910 82 208 872 612 82 235 594 559 912 276 551 43 145 724 4 662 249 857 839 983 918 409 948 894 186 547 939 245 461 490 284 296 578 980 262 33 936 658 732 47 821 889 330 552 814 545 118 477 562 418 834 429 247 896 113 564 668 759 192 445 866 983 975 230 989 110 192 451 879 578 711 478 582 134 186 
221 365 335 707 500 745 487 788 861 957 106 387 245 824 927 486 320 932 49 496 784 667 503 373 226 717 457 954 234 237 924 649 657 237 663 795 923 415 335 6 22 382 136 818 127 572 413 630 943 477 666 576 503 27 103 237 951 476 184 294 13 121 139 268 324 856 985 45 947 557 273 352 816 4 898 21 948 201 79 688 241 532 696 815 313 855 518 546 841 162 998 203 54 170 395 622 687 861 573 458 
155 217 46 944 540 53 191 325 452 64 830 283 142 345 891 684 153 462 163 777 40 929 493 328 678 152 43 612 368 340 587 514 139 44 670 161 953 675 169 161 229 111 234 760 735 844 821 600 268 64 424 741 925 216 915 189 748 971 172 561 386 597 74 564 36 519 665 937 511 533 102 906 185 360 899 22 498 941 476 82 452 173 419 963 495 375 561 947 904 523 911 419 218 152 668 832 61 185 287 465 
294 971 919 39 232 194 168 462 146 996 666 363 344 134 541 534 982 742 919 938 866 376 818 91 42 205 655 951 742 185 759 192 383 780 364 449 128 292 123 799 548 353 853 242 824 657 382 564 243 332 61 137 667 395 493 40 425 708 140 497 616 801 810 127 481 738 300 968 947 472 346 242 738 804 853 0 389 751 38 421 828 915 643 393 882 506 738 986 631 294 651 613 834 304 672 765 221 836 249 763 
0 77 158 254 211 590 836 485 310 793 876 499 524 706 512 497 399 542 391 907 853 345 531 924 556 870 81 163 466 515 81 178 216 587 847 628 623 933 625 256 172 221 465 979 968 370 565 114 651 864 726 104 210 158 14 157 22 739 973 96 472 893 253 199 834 778 741 108 791 738 627 977 333 76 413 303 34 785 586 548 381 430 53 372 519 14 986 681 17 751 555 437 423 379 645 751 334 794 599 533 
994 662 603 257 771 231 760 935 985 48 15 278 877 34 421 989 522 407 616 39 636 810 773 10 432 757 185 565 44 611 990 232 440 271 505 576 934 157 354 363 781 471 108 657 740 66 845 99 589 283 32 416 520 420 73 198 74 99 992 383 605 269 682 788 266 655 797 285 652 621 475 866 79 47 240 676 881 520 615 31 856 568 409 868 852 917 872 410 317 622 236 749 968 408 179 346 999 580 670 449 
767 761 442 980 694 518 212 39 524 915 753 441 81 872 813 394 432 469 90 77 58 292 275 920 326 501 257 537 631 496 830 468 430 544 776 266 370 78 104 252 902 675 484 240 954 18 962 635 764 845 382 888 656 527 750 24 21 618 427 554 851 602 171 917 874 538 37 308 780 597 956 65 862 519 608 597 858 582 393 566 505 107 678 322 631 957 493 828 103 896 939 77 738 546 174 780 338 606 985 713 
59 469 88 566 260 1 821 239 106 284 530 412 318 225 104 884 432 664 919 277 4 72 7 345 300 960 207 682 678 214 883 114 967 228 11 252 32 272 626 151 705 363 149 964 643 461 61 566 666 711 566 186 162 712 120 855 777 388 989 887 990 961 501 934 497 932 55 27 659 852 265 573 55 741 913 191 305 145 684 687 405 841 320 548 99 986 270 590 802 126 594 66 451 208 341 318 800 84 434 434 
