700 21 176 536 252 553 608 237 367 971 79 288 650 784 726 458 647 124 416 631 166 686 980 300 84 449 644 505 420 332 717 193 724 964 608 864 857 152 368 581 205 469 621 736 560 483 144 957 876 192 256 9 358 724 996 772 386 13 154 688 902 148 360 130 377 159 241 102 285 336 450 416 276 998 653 888 991 330 357 725 12 621 988 853 97 952 306 379 236 524 350 387 412 380 938 243 622 687 26 122 
721 890 461 805 811 749 560 855 191 165 735 313 518 139 317 474 191 226 229 353 522 975 682 145 817 860 612 940 960 997 885 51 435 46 667 685 890 516 158 78 641 580 764 449 171 842 915 49 680 387 207 637 676 956 636 459 442 636 199 502 209 295 776 506 469 485 682 935 601 154 302 484 748 311 285 503 58 658 725 706 301 721 494 511 747 124 669 456 473 740 865 616 496 694 860 430 487 869 940 76 
113 119 282 26 777 383 26 712 347 579 893 900 181 270 539 201 22 736 973 681 93 348 130 379 957 371 801 24 79 312 831 499 137 699 960 680 526 730 603 31 446 965 601 576 144 216 838 568 869 343 476 773 878 924 636 759 345 333 766 976 535 140 795 5 930 783 865 445 885 273 215 746 148 472 234 701 943 265 311 351 969 632 145 629 101 77 678 667 187 419 125 301 607 899 162 802 594 553 333 114 
974 612 416 553 484 892 448 804 257 799 694 460 544 125 614 632 961 701 367 888 323 71 52 504 901 812 378 505 244 98 364 734 72 332 180 93 335 545 635 132 694 420 146 447 901 637 553 263 818 70 472 77 137 792 924 112 259 854 245 835 69 266 534 378 155 231 532 110 355 120 154 262 558 943 876 505 581 352 907 954 497 206 345 603 558 686 853 213 448 451 217 991 807 42 618 141 359 327 688 755 
283 671 406 490 314 400 284 1 514 517 52 696 445 887 993 402 361 225 455 617 397 474 567 974 505 472 129 376 516 315 911 589 860 15 223 671 122 271 586 177 635 518 867 506 878 495 242 889 331 641 849 690 961 243 222 495 755 206 315 763 619 642 891 811 448 873 245 918 532 484 117 910 193 498 274 655 101 240 338 816 99 838 893 56 692 598 696 907 462 722 464 701 356 902 130 262 182 260 544 134 
330 487 103 258 747 506 623 440 649 473 346 112 305 480 177 364 303 291 155 202 841 566 63 382 341 742 789 189 742 559 464 248 691 872 118 917 169 884 539 717 986 994 986 113 669 367 30 822 968 290 120 11 652 416 106 24 120 186 148 17 888 452 852 907 255 983 627 455 339 577 150 61 969 123 330 26 224 363 52 589 257 779 695 374 199 482 551 864 164 10 534 506 389 754 525 624 55 844 678 151 
754 361 783 840 684 92 802 236 545 164 42 922 202 390 408 740 635 339 167 169 642 206 5 127 629 41 35 94 586 463 207 853 685 845 808 983 382 885 481 998 753 835 306 564 226 276 371 197 352 395 386 457 345 446 895 224 766 560 974 111 969 297 269 122 716 3 791 138 700 398 32 745 814 502 418 284 217 195 47 705 356 658 680 40 833 154 429 14 738 857 366 184 90 784 41 390 208 340 341 280 
512 511 239 13 170 591 691 105 223 733 557 934 665 432 256 23 754 666 487 657 96 307 274 619 927 46 52 728 136 497 498 338 849 88 6 49 181 196 869 380 221 80 605 895 142 157 292 998 757 838 997 185 401 118 964 512 456 185 947 617 716 409 110 567 671 674 125 437 141 175 271 180 882 718 551 770 427 569 2 580 649 671 78 37 523 331 970 446 275 755 497 712 245 147 456 248 867 795 971 475 
732 519 419 371 38 37 571 152 705 236 35 946 630 683 668 293 648 120 564 566 218 754 357 6 98 81 858 149 20 660 577 24 409 515 799 606 218 183 264 504 239 862 78 991 133 76 821 674 272 190 524 272 509 704 998 202 659 178 602 365 106 694 791 431 941 821 708 31 876 979 279 698 838 448 789 940 749 264 482 844 666 613 825 987 834 500 549 109 161 470 713 944 566 71 117 374 639 156 874 582 
631 464 457 16 620 824 558 504 230 881 715 802 718 526 482 391 507 326 26 711 842 125 719 264 767 649 179 477 127 840 297 986 792 664 451 143 251 192 818 188 793 773 167 260 788 663 248 725 303 510 493 631 561 838 651 954 237 499 184 237 109 25 712 692 369 514 40 874 707 46 433 520 813 702 144 500 853 594 75 717 463 900 206 133 411 676 742 673 201 372 998 558 530 927 825 244 529 702 655 943 
274 484 539 515 826 483 300 48 664 717 187 886 850 256 4 123 338 300 33 99 810 542 67 983 949 666 146 137 369 132 311 726 18 968 8 749 369 540 644 232 53 34 79 545 24 90 312 447 829 671 226 936 144 192 496 464 471 354 852 963 143 388 145 472 83 260 215 824 65 352 72 861 628 608 681 493 241 362 978 57 916 117 602 913 443 258 437 595 975 7 927 499 342 271 645 605 923 487 506 825 
538 777 831 79 310 870 959 555 918 712 202 314 712 30 104 14 412 588 1 373 653 938 786 385 843 331 723 188 772 305 727 939 804 422 59 973 331 550 850 115 398 532 768 985 336 171 718 550 914 782 349 441 545 593 887 980 224 265 338 694 941 273 998 532 576 880 242 735 233 511 26 44 489 663 115 479 525 594 162 17 510 888 530 845 932 718 652 437 220 58 876 466 287 17 873 300 493 653 221 270 
106 377 198 6 392 159 269 612 253 957 893 777 151 402 942 273 709 119 10 396 263 68 303 25 209 224 711 196 356 230 492 818 581 444 744 690 234 757 676 839 882 514 103 139 253 804 409 54 12 510 625 592 714 944 940 763 419 182 535 964 659 315 367 795 603 536 846 272 375 178 833 257 476 123 720 514 160 255 37 692 594 129 129 713 92 247 531 247 477 780 946 603 364 828 349 255 962 845 889 255 
32 893 891 369 249 398 943 260 377 665 121 562 982 818 961 776 149 520 636 917 416 968 744 137 287 370 224 433 925 628 297 400 652 981 356 88 659 397 710 529 103 396 540 449 248 784 994 517 262 754 470 158 115 531 697 616 242 291 198 663 369 971 694 955 843 348 618 733 241 167 387 802 466 718 295 544 312 762 372 231 502 159 66 690 303 389 612 110 671 625 832 458 952 331 207 727 142 41 423 961 
76 660 687 511 523 193 506 912 567 394 439 471 869 390 112 176 178 991 35 715 246 618 574 737 409 461 702 548 780 324 633 908 323 892 985 879 257 291 412 793 557 79 347 348 827 855 416 921 790 383 708 320 261 504 687 524 20 247 313 275 149 444 464 813 918 943 931 691 580 702 607 66 832 889 680 695 465 642 138 333 499 215 648 300 246 194 93 557 610 107 609 484 337 99 790 557 109 493 907 218 
333 329 801 19 722 888 829 903 102 287 557 67 207 965 143 593 353 815 62 906 314 823 733 614 361 432 297 195 225 590 803 525 51 59 363 45 170 44 83 621 683 310 75 811 132 179 912 620 732 481 523 587 812 13 495 58 628 340 331 424 833 810 705 163 662 694 477 480 360 158 74 289 383 679 442 734 265 536 949 599 393 983 452 489 865 892 741 999 547 861 586 579 886 633 509 13 326 785 215 67 
861 324 866 834 538 578 299 876 679 11 748 538 343 865 248 907 775 739 57 414 149 324 879 637 342 531 313 675 596 332 769 655 712 7 27 513 644 175 406 916 989 414 774 164 447 351 665 547 625 668 225 535 394 969 145 749 476 417 948 308 719 551 450 267 570 503 628 533 662 551 874 943 659 152 763 302 567 113 37 750 340 390 837 617 474 253 442 709 101 729 517 329 104 106 691 568 97 941 710 199 
711 304 169 452 626 233 883 728 962 807 893 502 394 217 687 708 206 846 176 946 883 741 861 945 622 877 508 862 807 511 585 302 839 179 177 812 209 729 645 545 813 306 41 427 34 525 302 345 869 637 644 534 725 323 20 621 537 961 805 396 988 543 533 891 791 673 835 566 968 776 690 345 234 928 713 93 357 522 481 624 903 731 726 953 915 949 842 844 577 900 142 754 238 659 338 342 702 496 503 899 
79 182 234 514 800 978 260 170 465 248 993 896 445 910 958 90 445 385 606 895 863 223 894 698 471 85 287 982 940 810 356 867 727 979 693 457 479 904 852 741 313 879 878 770 22 712 227 474 460 537 633 541 978 907 558 161 374 108 637 467 34 990 996 469 175 872 755 73 168 211 79 292 626 120 143 414 162 120 543 273 112 372 444 344 666 142 518 418 484 384 381 711 903 859 837 578 463 91 308 351 
226 545 350 720 446 273 534 251 18 798 264 830 863 922 596 653 600 570 278 451 880 169 548 879 699 227 184 705 480 773 511 6 405 540 265 24 124 243 529 729 668 161 871 361 955 587 620 78 915 277 694 348 650 478 605 470 967 581 229 539 889 47 29 4 690 275 935 148 324 767 417 553 891 75 732 723 475 831 243 251 139 873 741 374 267 1 55 930 481 393 748 407 898 479 494 641 920 813 202 678 
719 179 382 987 156 851 566 948 824 718 768 59 729 877 749 665 673 954 601 35 876 583 636 510 796 631 274 702 167 900 184 836 596 345 416 550 97 17 983 707 641 144 932 719 836 257 468 300 431 919 756 818 13 823 679 456 182 965 9 995 432 31 658 486 19 32 479 251 273 85 405 81 182 837 975 399 540 732 699 695 874 545 696 799 686 161 11 796 664 475 306 887 105 614 520 669 365 303 802 193 
941 248 913 253 247 357 641 594 617 240 898 444 652 848 637 593 78 701 889 418 699 824 46 467 813 809 17 528 785 592 50 433 747 680 475 352 413 632 410 288 236 860 872 80 724 372 763 536 837 692 456 156 54 900 541 382 569 456 287 153 511 626 927 355 573 238 106 914 335 119 729 26 28 192 318 710 594 566 529 990 308 364 674 943 737 31 143 769 855 147 816 501 855 501 641 830 691 530 16 810 
213 408 856 840 18 52 517 148 311 172 360 104 458 166 925 430 909 304 708 92 6 386 445 710 138 377 832 522 299 845 995 624 328 925 709 553 693 937 403 314 2 536 416 57 720 763 179 831 432 177 59 302 894 661 902 20 991 14 947 121 63 453 188 46 967 388 17 14 469 557 728 73 339 64 129 47 452 497 290 74 788 706 990 375 480 676 35 847 127 772 635 568 807 308 395 473 498 887 939 326 
922 609 438 625 307 534 899 530 944 466 698 728 1 9 99 312 187 352 811 13 569 307 48 602 513 344 232 108 370 108 677 154 325 701 756 649 665 784 629 987 179 444 733 233 406 39 651 137 904 55 552 217 581 643 74 212 863 947 971 628 38 37 397 650 877 962 97 162 21 488 961 458 534 425 842 436 883 348 717 665 141 603 696 329 811 868 873 185 1 252 235 356 806 25 772 989 938 198 694 819 
992 685 269 470 80 616 360 362 88 552 571 201 108 794 36 94 916 439 805 559 925 539 537 946 987 488 442 140 565 435 667 989 41 711 434 808 585 209 440 370 294 172 755 609 477 878 788 431 863 106 501 166 637 839 741 534 739 442 87 94 741 143 255 143 408 502 71 583 746 308 122 533 780 950 551 240 542 85 215 132 932 991 562 95 528 402 63 361 233 503 587 99 914 780 588 394 645 362 534 164 
650 769 101 562 138 72 437 774 833 329 239 399 948 44 860 226 919 155 838 307 250 815 325 197 621 481 840 798 617 123 445 639 617 128 891 274 273 248 701 844 269 505 898 838 46 283 235 926 593 778 60 427 352 194 190 682 933 902 380 978 731 753 397 959 359 673 890 428 168 792 65 410 699 189 817 465 442 554 30 892 958 863 535 650 106 448 38 642 546 75 160 807 476 516 950 260 285 604 619 658 
815 847 55 919 202 708 44 633 593 843 327 307 654 523 496 848 232 57 229 422 316 87 484 492 578 44 704 775 730 873 182 1 519 156 633 380 482 72 674 173 338 429 940 612 482 780 223 227 155 797 627 390 332 636 544 650 919 34 227 456 191 880 875 907 431 529 261 288 172 272 461 23 989 192 958 575 169 875 652 942 914 509 831 705 73 473 419 536 851 548 590 582 394 705 42 696 711 141 444 700 
134 981 275 756 242 308 437 683 371 32 606 15 94 399 411 783 716 495 774 583 804 179 834 386 693 949 914 631 599 232 349 160 626 621 877 894 802 857 168 217 905 924 494 647 589 509 973 834 364 348 393 863 524 424 503 427 136 354 844 313 112 106 722 235 832 297 307 61 916 447 449 248 586 437 845 677 305 477 326 319 49 129 180 319 835 73 413 290 465 186 536 54 113 203 969 53 631 561 333 57 
449 822 542 104 318 909 73 50 761 473 781 961 963 614 159 71 799 752 812 47 586 155 118 501 243 259 539 999 295 485 770 784 736 254 520 371 238 658 178 189 254 567 156 806 531 100 473 649 98 684 987 329 99 887 998 14 453 378 616 945 96 54 324 861 729 151 119 959 409 686 818 87 623 129 1 622 800 793 155 682 188 692 732 257 762 293 775 59 239 961 120 90 163 698 49 774 924 753 883 732 
823 744 231 447 788 894 837 970 282 654 53 749 67 898 269 510 33 428 867 273 177 542 706 123 855 603 890 884 594 829 19 883 401 495 546 78 214 126 224 202 650 556 439 296 585 789 95 257 63 334 344 403 852 186 768 291 692 167 143 958 858 49 313 859 454 589 243 964 908 993 922 925 503 354 633 179 829 685 745 457 629 802 862 902 463 326 736 795 355 936 991 476 844 918 747 366 294 657 922 960 
190 959 963 4 905 887 146 895 504 970 653 863 506 0 735 565 218 760 243 699 987 509 972 720 529 469 42 433 626 11 71 866 692 320 578 862 545 677 76 116 321 396 593 714 326 152 90 126 406 50 889 250 892 861 204 680 896 869 189 46 312 179 529 820 591 740 808 412 109 227 101 617 608 547 7 43 721 626 710 193 90 426 81 561 70 722 768 988 545 117 382 749 682 673 489 667 142 179 125 125 
144 721 94 118 165 303 605 906 948 6 732 551 950 114 661 695 682 35 488 149 85 279 83 110 224 917 799 594 842 733 273 730 423 95 975 445 409 681 603 382 726 860 180 856 371 9 507 277 815 424 915 842 667 18 494 720 353 856 123 495 337 794 732 211 116 197 551 595 299 991 187 808 704 973 662 171 655 535 468 186 254 33 419 389 59 597 317 195 949 344 781 602 981 587 717 343 622 627 287 747 
339 914 811 311 689 575 441 201 813 252 360 327 710 382 718 515 269 578 224 408 516 990 444 92 510 934 949 927 966 433 696 643 578 963 133 44 417 347 599 57 466 248 807 395 823 279 189 822 154 656 161 23 791 315 674 781 667 261 885 554 866 111 712 739 143 944 847 414 88 186 870 260 784 747 96 343 393 445 24 318 577 55 270 727 901 357 613 124 276 822 714 537 509 141 623 900 706 571 849 390 
63 738 111 970 478 269 324 147 685 582 607 954 19 903 737 465 438 302 526 218 937 939 367 747 700 451 71 326 484 314 309 659 93 797 762 218 805 702 556 574 122 611 369 251 735 857 176 972 619 620 333 566 98 762 811 81 713 418 815 696 4 551 130 471 698 905 919 980 867 766 822 881 289 132 400 673 989 939 780 241 659 929 769 81 216 581 677 459 515 168 502 491 874 953 183 863 718 824 261 337 
10 245 426 883 0 498 138 859 197 238 404 823 166 596 995 314 595 211 174 56 698 743 133 438 711 24 381 829 530 761 125 81 962 523 410 653 697 739 144 785 248 442 946 223 909 668 988 458 545 836 174 608 87 165 828 834 978 403 68 457 598 372 663 803 922 817 316 286 52 873 98 373 109 840 268 809 886 179 610 881 996 704 357 804 433 676 58 686 147 492 628 90 384 296 683 112 706 941 889 903 
359 595 31 412 60 782 739 900 724 608 845 54 347 199 603 196 112 730 185 875 306 826 412 561 514 623 113 647 906 777 145 416 148 584 865 873 462 686 463 608 508 419 31 394 383 465 527 55 733 465 687 385 784 541 46 262 3 656 464 297 427 571 372 456 570 970 638 825 914 870 280 607 24 756 390 420 894 782 554 678 830 0 397 447 524 301 584 608 332 147 370 286 715 101 290 984 778 864 975 55 
864 184 534 286 679 747 268 597 987 30 772 385 102 903 267 94 711 675 659 503 675 601 885 13 301 814 658 215 779 826 156 449 73 843 72 600 346 200 591 260 611 385 541 287 170 494 369 301 143 989 566 412 835 664 882 751 254 149 205 158 581 632 44 535 308 590 711 987 591 676 944 154 192 623 725 752 124 5 127 453 631 244 643 55 609 505 585 947 192 684 628 540 48 738 161 18 721 611 3 215 
144 413 494 894 769 353 923 941 675 652 388 573 828 201 192 943 423 972 873 458 274 362 196 650 45 584 609 10 936 313 772 773 893 636 299 41 694 13 472 270 0 331 49 558 400 986 23 77 396 130 748 243 509 887 312 567 827 594 381 726 194 8 578 709 189 18 765 259 328 181 444 178 969 458 894 480 90 96 446 17 344 25 792 439 912 99 487 860 579 872 53 559 974 840 948 558 544 445 957 155 
110 191 415 898 849 361 595 818 954 788 974 578 244 387 478 589 347 670 360 889 412 738 857 540 141 17 915 417 166 487 987 442 792 517 697 917 365 585 176 156 825 221 926 600 999 158 398 110 918 336 148 37 902 729 376 646 798 347 783 637 424 230 159 239 903 693 874 980 639 656 12 24 382 618 288 180 977 268 495 362 882 201 35 945 249 827 316 653 129 703 288 595 380 676 592 611 586 857 961 159 
254 319 136 587 81 269 82 742 171 555 835 40 198 666 173 44 886 770 731 352 630 91 974 690 261 808 296 958 457 976 15 245 954 463 164 888 922 829 605 197 36 149 136 17 443 265 217 23 404 204 566 335 110 280 816 347 984 825 397 855 748 850 60 591 180 30 832 140 986 786 49 946 724 321 167 340 735 831 865 129 555 763 117 140 616 711 600 14 399 841 608 286 468 343 392 268 531 110 764 202 
896 692 718 716 779 559 352 930 740 29 707 331 556 525 567 708 348 582 772 162 281 255 65 876 937 455 506 212 535 774 935 568 821 931 43 492 442 103 3 346 434 657 680 925 782 788 686 858 747 231 589 287 103 379 719 121 553 250 940 545 184 309 443 374 8 23 34 281 880 641 15 557 335 277 384 926 537 599 896 811 564 56 507 143 728 741 412 460 726 88 660 945 631 453 734 702 249 784 897 348 
958 773 406 939 277 352 458 678 821 382 206 202 631 291 253 271 716 85 102 974 943 233 443 884 420 389 913 733 112 862 345 517 699 387 78 507 404 409 280 247 27 616 744 301 789 766 293 10 323 603 638 846 236 245 265 323 93 821 668 830 14 505 594 99 55 515 520 917 170 810 424 254 778 159 293 252 261 915 57 414 966 239 916 205 486 517 606 14 820 597 38 454 914 25 827 967 906 941 107 3 
809 978 275 350 91 386 455 680 975 465 250 635 524 82 23 819 44 807 681 500 464 549 489 784 549 871 734 944 597 130 105 698 632 705 649 437 909 585 716 241 244 744 312 778 502 506 633 95 646 404 211 45 586 725 67 330 501 785 505 487 863 64 360 885 728 615 401 675 408 333 453 606 154 448 650 739 866 800 536 849 805 501 652 243 904 157 405 316 364 345 301 467 136 104 842 82 264 164 589 553 
620 812 626 248 108 801 714 741 514 701 645 770 808 584 196 939 836 21 327 303 578 493 786 853 9 131 405 913 720 872 539 279 810 263 83 350 279 931 382 961 270 463 992 490 791 743 771 240 958 550 704 795 357 471 127 101 537 240 257 947 120 395 84 388 633 838 23 969 693 494 807 134 884 488 193 976 435 129 344 272 541 582 66 935 999 118 462 458 936 438 960 160 497 917 488 369 209 138 536 801 
149 746 413 21 38 927 288 677 195 493 317 723 17 247 291 972 807 641 429 196 583 719 729 631 34 758 823 37 587 745 60 485 759 312 56 869 107 147 132 377 607 957 360 538 282 583 380 865 702 314 941 77 85 826 131 848 387 767 129 233 206 229 156 765 180 342 399 255 860 198 6 499 288 168 882 149 625 152 221 447 611 704 342 186 906 414 319 245 61 462 413 284 970 68 736 27 915 661 539 243 
760 343 238 179 93 910 27 315 797 656 517 189 542 515 16 334 279 589 101 356 567 356 724 311 712 496 367 364 708 86 845 920 503 598 580 658 494 263 442 517 942 553 398 972 47 51 546 655 290 974 404 125 802 98 310 226 423 656 203 443 152 567 418 167 874 891 368 816 971 675 281 562 900 746 342 316 991 376 326 5 494 105 510 137 132 934 691 428 791 979 514 869 382 122 869 119 655 134 57 708 
853 658 894 747 976 586 646 916 13 226 178 569 600 502 281 151 775 410 587 877 433 275 461 893 846 902 541 705 25 687 760 263 475 556 906 391 98 179 798 573 370 633 199 483 786 365 774 800 258 437 525 22 892 871 788 937 769 586 745 340 621 894 405 584 22 81 445 607 656 540 870 262 789 693 453 978 619 183 93 124 118 991 466 103 408 775 894 761 990 224 66 769 477 779 808 416 452 10 606 763 
972 437 286 600 382 871 507 774 131 50 766 802 274 647 874 384 845 979 765 70 821 927 592 455 320 351 905 375 807 949 991 18 757 318 357 610 269 461 203 617 747 583 137 459 350 47 253 151 300 155 39 976 191 639 843 655 574 832 983 20 135 339 934 21 724 615 748 725 883 593 811 272 586 614 437 286 123 198 539 719 564 727 405 462 570 440 915 417 56 895 988 784 98 989 508 747 207 440 11 249 
735 993 412 534 233 424 787 188 839 940 939 654 286 799 511 153 209 706 567 276 45 893 446 970 138 233 289 125 472 658 818 893 345 687 518 985 126 739 891 941 133 409 399 85 112 692 285 848 201 877 601 97 981 464 238 594 471 81 589 946 247 811 425 9 314 297 681 697 475 273 341 728 106 877 829 627 84 940 78 220 420 529 783 695 1 394 667 778 159 532 991 187 187 660 975 126 321 585 652 303 
575 185 81 373 248 681 950 920 938 528 596 117 281 534 386 983 168 682 87 280 812 721 513 920 572 950 733 644 54 838 224 691 491 82 710 877 286 987 913 398 569 193 125 26 280 132 185 824 706 847 504 804 582 386 209 168 450 103 315 371 49 943 389 4 142 558 878 576 796 796 376 283 105 581 146 75 226 396 926 179 768 787 815 159 931 326 872 51 958 529 225 753 851 390 411 947 680 652 655 285 
131 708 497 519 530 326 187 802 702 692 855 728 737 685 500 329 869 405 262 410 231 314 87 417 620 498 754 711 650 620 698 389 954 388 174 611 292 507 431 612 605 526 957 174 853 637 391 169 483 855 410 877 797 300 340 857 986 651 690 817 59 702 318 984 9 634 805 318 304 187 880 860 909 696 720 782 588 955 744 479 638 740 318 875 648 6 618 977 967 601 922 969 307 50 181 37 817 544 758 961 
334 112 724 231 600 372 368 71 575 935 862 629 508 956 488 317 633 167 367 555 354 396 195 734 258 800 765 924 209 277 675 580 148 777 740 896 509 552 628 586 141 321 474 232 352 999 161 907 135 505 924 308 715 221 685 632 937 72 511 126 329 128 394 542 908 358 520 357 245 302 430 126 7 305 660 243 431 893 849 372 627 419 977 598 467 322 608 280 295 898 139 603 98 691 29 168 701 479 615 526 
263 517 740 284 355 63 852 20 859 335 263 232 812 61 333 889 801 12 683 246 981 62 793 882 51 693 962 641 80 516 627 492 259 229 495 907 300 220 602 331 523 779 853 728 554 727 458 589 222 203 64 657 569 564 201 204 196 390 10 330 220 525 810 215 778 998 135 172 111 614 349 817 391 818 873 428 413 465 862 745 312 176 709 434 797 317 978 912 925 638 492 699 529 546 5 294 907 519 836 439 
758 302 119 62 976 877 12 155 342 76 714 277 665 505 11 448 865 751 861 759 639 429 770 699 807 299 940 274 814 18 509 163 136 21 590 521 565 906 462 990 988 734 838 50 721 600 170 204 595 212 938 672 49 283 634 538 319 488 463 34 907 855 571 57 301 257 259 291 62 299 151 805 232 136 337 32 694 236 818 622 277 26 417 684 180 552 917 754 488 34 773 167 211 452 174 88 542 180 814 875 
612 671 46 494 808 426 741 366 114 252 626 949 663 507 858 771 599 492 419 600 666 535 960 601 293 834 974 249 2 941 990 186 206 309 549 212 918 197 696 837 588 90 699 226 127 110 244 780 186 119 676 127 134 345 694 975 497 89 827 323 57 907 412 775 612 31 330 901 690 255 203 636 965 21 950 212 743 810 608 200 133 818 727 172 99 494 304 33 248 906 396 119 243 360 593 835 678 788 798 530 
410 394 614 828 708 381 256 228 278 801 638 926 945 571 350 66 233 0 470 929 513 803 547 701 793 99 627 966 797 60 96 322 600 316 936 884 593 106 468 849 893 186 374 31 133 427 823 463 833 557 991 220 573 901 878 924 98 604 266 407 672 231 642 294 636 247 995 221 637 499 473 444 979 53 744 458 825 267 163 971 426 847 253 109 18 385 494 133 247 571 80 343 784 213 50 717 892 90 37 823 
702 163 822 636 88 474 28 24 158 338 122 527 164 765 294 433 218 37 771 999 255 144 59 757 460 286 442 656 370 429 895 385 967 527 412 842 164 201 857 257 347 951 955 323 200 655 275 211 621 707 516 915 530 219 13 650 804 26 208 430 533 136 521 244 149 392 571 734 384 202 520 20 384 484 888 806 541 308 708 329 985 378 346 832 712 836 404 821 464 681 709 384 774 458 987 839 514 390 595 239 
83 429 121 354 878 680 415 985 195 270 456 83 80 562 310 959 370 91 49 15 937 724 40 422 876 933 485 323 405 681 588 614 758 515 420 474 908 882 1 355 26 996 273 178 289 138 726 527 695 688 883 151 494 297 35 167 855 240 558 183 174 866 85 602 600 74 64 701 938 964 382 205 899 694 797 190 5 820 418 562 880 852 196 486 183 609 796 35 887 580 639 852 22 767 431 204 265 403 983 762 
672 933 262 615 69 21 717 870 699 151 180 341 739 21 162 452 669 165 164 4 309 295 512 402 460 882 634 747 33 319 831 794 663 629 80 384 953 311 913 843 387 275 539 170 786 317 310 888 391 603 947 768 152 18 849 776 240 1 510 512 881 780 545 340 238 956 549 640 965 421 849 676 629 632 62 609 997 74 56 43 565 629 457 815 145 525 674 862 267 750 75 874 480 500 717 585 806 418 582 768 
611 351 108 42 834 31 518 545 970 614 168 268 24 546 277 426 406 113 362 653 148 119 848 931 430 637 290 585 549 584 128 640 395 390 628 253 417 646 411 587 539 703 765 860 839 721 424 368 289 220 946 317 875 398 623 568 491 569 866 339 502 388 110 455 979 200 999 332 875 414 748 367 160 327 857 754 698 124 955 738 2 807 274 662 449 242 390 699 120 119 91 952 702 599 415 902 957 735 630 871 
478 639 579 844 519 149 570 759 530 554 660 352 751 515 618 134 948 139 646 260 933 95 806 471 271 50 970 461 81 857 353 944 580 762 846 466 698 353 385 91 878 411 299 817 370 199 66 592 231 873 390 978 8 984 899 49 872 171 904 867 565 648 47 188 613 981 70 170 240 267 670 141 62 391 906 766 691 930 129 298 231 364 360 70 587 28 682 13 481 996 385 416 787 403 786 958 479 634 739 220 
850 971 144 406 946 326 479 854 400 998 601 388 198 828 26 544 837 378 818 100 387 83 13 357 283 169 224 707 4 351 541 367 391 761 881 93 707 344 524 762 651 138 0 175 155 385 365 663 87 938 557 150 653 666 428 802 587 140 602 838 948 902 972 692 959 381 607 979 600 941 47 193 291 302 359 843 207 147 89 251 895 293 801 946 191 503 5 814 325 491 584 853 453 582 495 458 274 23 635 551 
658 677 24 644 561 658 902 751 232 130 646 389 216 9 807 144 921 956 89 18 352 382 417 664 441 590 775 794 753 95 165 170 455 713 937 331 396 822 436 132 192 415 220 413 927 871 182 577 612 448 528 293 221 421 471 360 911 656 284 548 275 989 749 604 417 271 769 797 660 394 659 162 359 912 34 682 838 343 960 949 40 539 674 544 106 432 232 901 104 107 694 359 112 546 58 260 744 176 703 843 
913 654 81 584 779 366 977 117 220 642 451 604 827 85 847 466 418 151 77 422 411 103 181 355 233 52 885 186 946 621 964 524 876 866 407 622 814 890 745 894 505 894 929 60 143 310 638 13 722 602 966 396 928 940 424 761 765 781 142 607 313 324 512 689 964 510 389 605 904 890 770 676 518 213 944 480 699 966 609 158 748 490 979 774 903 442 72 753 300 683 629 619 749 607 506 209 754 978 202 269 
495 376 916 455 314 693 240 662 752 941 590 671 687 429 851 845 289 265 278 66 823 696 194 725 396 925 916 981 748 951 608 757 653 187 854 712 877 112 379 814 636 723 846 808 891 92 136 73 421 201 695 461 781 738 645 838 248 493 372 157 684 19 717 86 682 530 994 951 584 228 40 554 465 328 449 384 641 528 40 329 412 339 718 954 14 107 837 510 841 433 83 680 386 992 66 215 500 911 942 467 
506 483 326 599 967 141 438 472 912 303 124 357 916 365 706 352 595 922 747 932 485 392 689 750 444 124 7 209 37 665 579 581 179 300 622 616 340 912 590 167 840 131 300 311 671 800 290 719 219 679 775 704 110 922 102 360 76 425 11 539 532 264 520 868 995 319 504 906 402 155 418 590 490 779 135 516 189 765 71 144 278 626 137 67 651 335 434 526 962 581 208 854 538 708 887 929 347 628 132 416 
977 284 704 653 389 622 15 639 60 674 689 275 396 691 937 437 589 311 604 520 940 498 308 906 454 365 534 155 786 763 785 728 503 781 432 987 689 326 746 53 422 81 216 711 286 554 862 101 250 666 733 636 12 527 144 390 384 203 54 195 25 12 96 602 662 956 628 553 543 234 953 9 955 601 995 149 659 575 25 988 741 208 677 733 409 772 436 875 352 718 7 721 471 575 353 671 214 187 747 334 
725 906 148 161 417 681 876 540 388 562 354 201 707 649 564 385 756 17 488 568 87 311 761 196 460 172 428 975 997 985 52 35 942 350 730 269 346 603 905 557 272 843 433 717 414 766 490 728 604 494 492 854 700 444 116 109 488 899 313 961 629 157 8 687 127 558 685 574 357 14 171 968 39 658 430 688 829 165 286 155 201 419 759 756 543 110 375 667 516 909 656 950 269 113 583 811 842 202 883 884 
611 90 962 28 577 696 168 905 840 823 826 82 491 224 954 171 817 742 115 407 431 496 152 669 926 92 248 486 110 706 317 950 811 143 605 249 239 163 289 264 272 477 412 716 43 789 629 939 265 762 881 656 513 942 154 791 847 934 677 49 347 174 795 165 973 549 630 704 304 181 87 143 868 301 389 290 656 442 456 3 175 500 950 927 739 741 670 324 664 543 580 324 970 926 85 560 425 284 835 489 
212 84 211 19 76 465 300 756 291 264 923 483 916 578 109 364 548 839 988 683 249 656 406 462 482 267 234 576 808 388 989 420 332 426 428 479 729 272 963 161 834 477 941 908 631 454 645 294 4 162 356 228 555 143 571 104 388 643 716 61 305 269 596 407 727 509 396 352 666 857 928 41 103 362 775 142 776 719 45 373 404 552 301 656 845 405 227 681 118 560 585 734 877 632 200 85 621 15 585 41 
271 190 484 957 610 808 809 296 120 725 838 515 435 368 545 375 928 210 565 882 962 432 18 723 330 547 776 876 702 911 892 120 544 302 655 725 25 757 11 283 974 727 288 653 481 649 622 896 922 623 747 954 976 357 847 565 18 919 342 228 819 845 797 805 494 593 737 488 718 763 5 727 730 47 859 750 855 653 957 372 725 378 131 634 606 949 719 436 837 717 112 382 212 913 900 490 672 295 994 343 
449 201 766 123 324 300 54 20 795 83 93 667 81 437 886 914 230 738 172 919 761 275 111 298 119 962 689 436 479 704 425 713 976 822 160 375 701 6 346 239 472 627 928 443 508 430 148 881 151 3 860 239 8 227 26 263 174 987 235 317 322 484 303 47 685 364 865 796 420 982 944 672 979 421 12 383 608 287 20 576 602 704 560 260 178 339 819 822 168 33 499 677 457 827 100 512 887 546 986 570 
586 874 326 143 342 817 946 197 989 302 880 830 510 552 168 253 645 909 720 542 357 757 562 4 916 597 560 605 591 768 211 288 845 931 940 195 48 616 754 78 873 301 70 36 731 405 163 898 563 368 931 480 926 335 621 425 44 651 163 78 268 414 115 719 624 1 740 700 209 600 580 89 726 243 975 305 514 870 451 284 163 212 618 788 218 159 463 172 728 515 892 706 246 316 860 735 960 229 644 788 
402 2 384 935 627 688 643 542 105 539 750 835 758 537 989 569 506 70 527 654 936 246 933 522 853 522 492 383 135 125 846 72 130 503 549 727 433 956 698 210 610 685 669 454 899 735 454 255 524 586 604 455 181 501 276 349 42 296 716 351 44 267 504 267 57 765 276 986 775 271 195 494 597 26 704 382 754 334 691 0 170 748 607 30 286 535 346 36 996 582 516 736 591 597 819 35 312 133 189 103 
901 689 464 138 97 267 167 802 499 158 118 49 732 509 800 476 83 435 838 454 524 845 67 274 761 125 654 600 414 472 728 647 67 562 799 373 230 328 25 3 159 167 117 837 496 804 103 296 21 355 186 732 896 691 899 340 81 689 683 211 579 21 989 58 610 610 537 760 652 810 600 217 301 81 345 657 376 784 251 403 323 813 556 557 314 481 122 487 623 963 544 604 720 75 883 183 641 385 677 578 
876 63 98 779 502 292 193 992 748 283 869 580 525 395 621 338 906 24 737 370 307 218 614 610 140 308 515 47 352 272 797 900 877 121 80 969 720 721 791 416 378 884 238 556 708 516 557 43 726 111 632 358 294 326 541 246 375 911 37 545 248 717 903 821 23 998 226 172 390 886 769 761 268 83 452 163 31 960 740 663 760 981 278 386 359 455 405 391 586 756 489 214 608 306 276 462 683 392 799 716 
557 141 960 348 41 663 727 640 662 807 586 215 920 788 805 871 55 909 93 110 396 931 567 997 24 917 932 503 312 750 489 32 47 436 236 57 786 18 169 403 617 505 710 970 44 971 387 565 709 752 695 795 357 972 15 247 169 32 391 807 134 431 334 729 994 789 205 791 286 595 0 974 689 798 233 225 902 881 393 395 265 488 569 861 181 935 768 956 490 193 605 102 997 549 959 55 849 582 211 943 
949 755 798 46 517 566 547 300 957 856 775 698 443 613 44 980 45 252 811 523 747 314 869 838 678 663 876 897 601 265 565 465 647 304 257 494 750 754 12 842 602 447 605 681 740 991 952 849 748 643 784 220 13 138 145 20 184 781 716 319 556 117 852 331 949 571 962 756 346 368 724 915 388 118 307 729 499 855 92 956 91 972 447 497 671 473 895 379 380 895 1 258 562 18 392 8 814 28 312 520 
347 553 282 216 795 853 192 97 608 499 306 44 728 624 911 439 113 494 855 737 129 445 833 290 777 679 9 750 666 131 901 43 337 982 23 393 767 316 461 450 500 516 400 114 317 893 410 777 116 907 963 870 919 319 669 934 907 646 727 374 90 89 599 757 674 693 20 653 641 155 130 627 918 403 151 493 906 60 526 645 926 87 962 883 470 389 389 815 503 294 841 415 597 252 471 501 568 560 614 461 
216 931 103 806 383 182 607 230 701 390 268 355 410 402 491 368 127 976 457 732 358 832 152 201 627 726 165 756 3 285 352 304 684 490 172 872 29 15 551 165 144 57 692 788 205 893 535 940 697 382 456 358 342 834 196 86 85 829 449 409 41 942 817 695 934 57 712 587 2 357 505 929 67 223 509 304 265 126 742 544 917 824 556 773 177 173 709 444 498 563 210 989 756 130 24 170 549 377 988 351 
757 263 491 643 996 31 785 366 85 270 800 75 449 271 115 232 55 321 235 443 626 911 458 663 835 816 30 56 42 640 384 739 63 391 502 986 621 304 470 615 241 93 364 990 887 905 310 95 551 350 518 740 854 305 551 8 975 802 395 937 315 488 636 432 231 460 570 359 325 316 101 330 86 196 828 0 983 824 669 667 17 165 805 550 565 160 970 8 951 255 343 423 738 543 368 54 653 22 159 25 
189 858 870 896 283 473 622 378 183 643 143 356 581 732 81 811 767 342 83 518 83 103 441 143 838 343 787 332 729 997 4 665 916 634 785 176 576 494 843 115 401 657 502 977 452 389 834 552 164 394 377 571 236 178 923 988 608 943 759 706 476 369 115 822 210 564 277 371 718 817 395 765 404 380 400 291 149 766 288 759 389 612 158 70 352 376 291 403 199 846 730 185 917 954 162 993 399 784 132 856 
308 140 917 901 961 3 614 394 736 865 402 744 1 740 152 96 921 425 554 95 155 470 37 257 389 168 394 770 276 646 948 881 490 758 251 589 231 6 272 325 821 749 642 75 25 507 440 368 207 886 688 790 21 518 136 977 539 492 259 696 560 718 750 635 953 262 507 221 302 13 389 996 861 618 438 575 108 783 454 247 89 685 173 472 964 70 834 882 327 772 940 876 364 17 681 416 928 846 534 677 
726 864 335 728 552 431 263 860 594 729 514 500 455 279 224 687 848 262 293 76 257 921 895 437 262 5 471 928 727 301 452 859 680 383 364 249 436 54 21 571 291 417 755 536 737 493 330 464 233 838 95 141 146 684 778 300 761 667 734 50 974 483 813 698 571 610 549 158 371 878 655 372 168 136 274 635 984 517 179 629 840 599 641 232 353 403 286 336 290 364 672 535 302 848 440 912 200 33 154 232 
988 431 79 414 584 924 447 556 715 841 963 30 84 487 451 211 318 256 315 282 211 974 907 543 190 452 198 478 830 820 491 118 232 537 707 946 131 735 306 860 834 15 378 539 541 431 932 47 490 249 32 825 43 595 648 873 663 415 847 395 885 428 527 641 357 388 692 399 562 735 3 586 254 497 856 515 716 343 382 883 164 224 343 215 2 233 454 965 288 921 723 455 949 687 352 265 165 9 690 302 
324 846 42 111 198 270 332 414 576 816 143 272 412 388 118 721 768 418 775 205 945 59 594 940 839 951 636 93 536 718 557 438 489 899 814 755 202 685 711 645 250 888 984 869 386 476 502 873 878 821 177 78 826 675 268 919 994 250 940 869 125 972 956 848 130 478 296 709 346 160 401 176 256 353 25 507 783 362 143 991 868 634 349 715 668 522 288 259 318 834 480 514 900 292 984 828 709 78 120 341 
791 710 314 998 116 449 738 193 843 213 121 650 896 729 331 953 750 881 631 78 644 933 751 588 909 28 10 769 621 717 502 356 704 183 329 360 741 866 250 272 884 333 555 219 356 961 283 203 200 398 617 520 963 461 443 522 209 134 904 15 719 554 546 938 102 259 832 301 204 507 274 800 4 322 71 322 31 868 484 815 155 555 462 986 731 313 826 925 935 392 506 704 485 37 707 606 312 450 709 118 
40 492 874 168 610 380 491 838 634 970 335 549 830 662 422 204 28 833 293 813 303 652 162 761 862 758 330 825 902 636 585 898 713 388 538 481 422 540 912 743 339 233 357 38 217 865 488 85 167 580 124 305 538 129 182 373 723 61 111 930 824 994 820 986 80 749 338 946 473 664 398 198 717 842 187 322 157 139 157 174 619 564 182 465 942 102 687 746 634 739 866 898 271 66 741 518 227 806 930 180 
338 217 284 459 29 965 52 848 264 596 661 198 785 776 221 230 134 453 693 880 557 30 531 113 282 693 486 117 637 775 393 438 906 495 644 733 237 682 831 169 469 340 432 446 760 888 111 944 503 125 24 32 148 391 625 134 673 84 621 736 251 857 392 689 839 859 748 93 460 826 523 316 241 146 710 230 32 325 309 358 755 430 8 482 757 263 862 625 109 277 219 46 639 394 479 932 651 35 677 795 
978 907 945 890 134 88 934 885 553 189 463 97 209 744 404 533 899 532 768 195 493 146 624 280 832 483 558 184 862 49 711 654 536 191 105 435 475 70 282 771 436 569 501 960 122 43 782 514 11 768 456 788 345 625 148 157 326 204 653 29 606 828 866 46 805 620 59 134 673 362 736 738 256 465 6 620 436 599 140 544 462 289 997 60 194 556 70 726 474 318 907 226 29 59 197 68 617 588 287 811 
910 765 177 727 981 398 452 925 34 588 751 232 853 633 745 537 647 770 480 754 627 31 817 712 586 568 193 840 269 238 316 699 452 751 60 404 508 334 125 594 177 483 158 977 872 15 706 622 624 770 128 570 529 536 767 758 278 474 382 809 912 393 636 670 107 784 275 457 196 155 506 523 907 818 571 972 205 98 9 425 822 822 343 990 85 474 261 349 952 33 492 144 234 95 13 3 994 233 748 598 
565 27 355 249 807 498 772 897 702 68 902 162 16 93 117 389 430 236 155 573 464 565 291 804 243 367 640 851 777 760 609 98 296 264 855 180 541 28 978 223 138 20 217 690 526 279 481 400 860 357 425 693 983 686 747 6 716 913 524 309 432 399 488 717 532 929 312 899 318 206 445 446 218 34 442 273 216 212 437 910 64 895 166 845 523 148 331 525 820 653 867 346 248 244 289 8 577 765 844 399 
889 434 861 856 805 870 648 350 799 788 255 368 961 817 595 342 111 535 788 394 884 491 915 570 520 225 886 11 432 270 996 776 86 479 722 458 995 808 332 234 226 967 408 710 631 843 280 136 312 495 62 901 699 11 805 996 928 637 117 93 488 619 664 69 750 636 723 591 508 272 271 644 298 78 408 431 315 373 677 50 312 276 601 125 985 549 793 49 160 71 632 343 369 204 327 958 336 571 65 77 
297 439 430 941 125 279 966 515 715 791 361 853 302 726 125 939 622 585 23 792 449 721 741 176 323 633 891 996 540 547 452 300 937 931 364 125 829 795 300 507 698 929 494 184 18 222 785 166 419 120 991 162 338 378 565 729 599 194 306 143 442 660 788 365 468 589 512 371 146 451 128 439 53 835 122 92 813 42 310 263 879 368 776 806 452 666 423 930 300 463 717 534 595 302 785 704 627 702 897 728 
50 669 675 134 270 773 182 497 510 532 324 101 202 459 115 709 190 41 141 266 763 624 316 178 398 233 586 236 773 308 664 419 135 707 365 673 228 687 194 494 549 330 27 649 213 503 864 30 32 255 45 945 482 918 719 490 564 813 608 674 731 593 381 540 769 115 894 695 807 41 797 820 915 750 819 363 967 598 463 338 2 732 200 968 116 495 125 527 580 466 771 753 787 259 432 597 94 583 693 561 
976 444 289 386 135 94 67 722 680 750 8 73 901 656 406 895 14 724 856 985 782 448 195 698 87 924 552 732 104 862 700 727 470 22 780 441 281 804 716 766 729 489 946 850 376 580 199 469 762 422 118 503 746 848 272 292 6 723 135 265 102 303 817 600 881 817 271 176 738 151 607 25 489 254 78 158 852 886 386 67 263 387 472 825 897 888 897 112 81 703 691 157 401 556 453 148 802 851 650 192 
968 7 385 48 656 469 92 892 831 791 977 17 957 637 62 104 970 553 936 454 543 898 549 472 392 636 520 597 680 134 621 192 982 540 901 182 463 773 28 125 595 112 250 438 140 635 223 132 245 964 987 173 784 787 228 985 547 927 665 728 195 584 79 825 561 518 42 25 996 488 46 32 504 727 222 474 341 524 341 876 547 71 691 382 893 298 298 576 579 573 738 48 188 107 969 843 803 77 895 969 
810 685 426 198 460 118 413 294 480 738 222 945 243 892 352 216 884 879 750 535 582 622 161 619 194 590 123 709 651 417 53 895 382 116 335 151 913 595 542 90 403 84 723 51 549 809 849 604 168 354 391 323 894 650 23 529 141 601 261 456 58 34 844 11 122 749 526 754 391 72 371 845 192 658 892 385 458 504 496 497 382 603 918 279 931 370 452 355 190 924 687 827 54 328 868 244 365 537 871 815 
196 756 626 264 782 932 592 475 505 792 107 336 96 115 915 377 652 556 311 0 891 559 361 439 449 764 693 314 607 878 130 248 946 991 540 610 110 434 577 258 306 17 771 120 501 432 549 1 865 585 666 858 495 722 826 315 899 100 854 503 41 853 182 906 336 417 81 708 967 68 717 78 21 891 544 338 21 475 878 712 386 130 619 342 407 77 515 352 66 1 696 808 322 295 493 288 71 42 185 333 
913 490 237 686 355 494 217 806 9 221 76 174 576 997 779 895 733 504 212 389 464 892 227 24 962 250 413 992 470 938 595 822 596 340 481 475 91 666 88 59 208 252 672 226 410 292 418 978 272 99 589 139 381 99 31 965 474 680 415 330 861 777 720 535 665 170 681 476 22 383 955 426 826 442 82 349 336 485 152 618 216 943 134 186 647 248 356 239 761 527 859 487 884 295 241 87 159 517 652 362 
